000 000 000 000 000 000 000 000 000 000 000 000 000 000 000 000 001 002 003 002 002 004 005 002 002 006 007 002 002 008 002 009 001 002 003 002 002 004 005 010 010 006 007 002 002 008 002 009 001 002 003 002 002 004 005 002 002 006 007 002 002 008 002 009 000 000 000 000 000 000 000 000 000 000 000 000 000 000 000 000 000 000 000 000 000 000 000 000 000 000 000 000 000 000 000 000
000 000 000 000 000 000 000 000 000 000 000 000 000 000 000 000 002 011 012 013 014 015 016 017 017 018 015 019 020 021 022 023 002 011 012 013 014 015 016 024 025 018 015 019 020 021 022 023 002 011 012 013 014 015 016 017 017 018 015 019 020 021 022 023 000 000 000 000 000 000 000 000 000 000 000 000 000 000 000 000 000 000 000 000 000 000 000 000 000 000 000 000 000 000 000 000
000 000 000 000 000 000 000 000 000 000 000 000 000 000 000 000 002 026 027 027 027 027 027 027 027 027 027 027 027 027 028 023 002 026 027 027 027 029 029 029 029 029 029 027 027 027 028 023 002 026 027 027 027 027 027 027 027 027 027 027 027 027 028 023 000 000 000 000 000 000 000 000 000 000 000 000 000 000 000 000 000 000 000 000 000 000 000 000 000 000 000 000 000 000 000 000
000 000 000 000 000 000 000 000 000 000 000 000 000 000 000 000 030 031 027 027 027 027 027 027 027 027 027 027 027 027 032 033 030 031 027 034 027 029 034 029 029 035 029 027 035 027 032 033 030 031 027 027 027 027 027 027 027 027 027 027 027 027 032 033 000 000 000 000 000 000 000 000 000 000 000 000 000 000 000 000 000 000 000 000 000 000 000 000 000 000 000 000 000 000 000 000
000 000 000 000 000 000 000 000 000 000 000 000 000 000 000 000 036 037 027 027 027 027 027 027 027 027 027 027 027 027 038 039 040 041 027 027 027 027 027 029 029 027 027 027 027 027 038 039 040 041 027 027 042 042 027 027 027 027 042 042 027 027 019 043 000 000 000 000 000 000 000 000 000 000 000 000 000 000 000 000 000 000 000 000 000 000 000 000 000 000 000 000 000 000 000 000
000 000 000 000 000 000 000 000 000 000 000 000 000 000 000 000 002 017 027 027 027 027 027 027 027 027 027 027 027 027 044 045 010 046 027 034 027 027 034 027 027 035 027 027 035 027 044 045 010 046 027 027 042 042 027 027 027 027 042 042 027 027 047 023 000 000 000 000 000 000 000 000 000 000 000 000 000 000 000 000 000 000 000 000 000 000 000 000 000 000 000 000 000 000 000 000
000 000 000 000 000 000 000 000 000 000 000 000 000 000 000 000 048 018 027 027 027 027 027 027 027 027 027 027 027 027 049 050 051 052 027 027 027 027 027 027 027 027 027 027 027 027 049 050 051 052 027 027 042 042 027 027 027 027 042 042 027 027 053 054 000 000 000 000 000 000 000 000 000 000 000 000 000 000 000 000 000 000 000 000 000 000 000 000 000 000 000 000 000 000 000 000
000 000 000 000 000 000 000 000 000 000 000 000 000 000 000 000 055 031 027 027 027 027 027 027 027 027 027 027 027 027 032 056 055 031 027 034 027 027 034 027 027 035 027 027 035 027 032 056 055 031 027 027 027 027 027 027 027 027 027 027 027 027 032 056 000 000 000 000 000 000 000 000 000 000 000 000 000 000 000 000 000 000 000 000 000 000 000 000 000 000 000 000 000 000 000 000
000 000 000 000 000 000 000 000 000 000 000 000 000 000 000 000 002 057 027 027 027 027 027 027 027 027 027 027 027 027 058 023 002 057 027 027 027 027 027 027 027 027 027 027 027 027 058 023 002 057 027 027 027 027 027 027 027 027 027 027 027 027 058 023 000 000 000 000 000 000 000 000 000 000 000 000 000 000 000 000 000 000 000 000 000 000 000 000 000 000 000 000 000 000 000 000
000 000 000 000 000 000 000 000 000 000 000 000 000 000 000 000 002 022 059 060 028 061 062 047 047 063 061 064 065 066 067 023 002 022 059 060 028 061 062 068 069 063 061 064 065 066 067 023 002 022 059 060 028 061 062 047 047 063 061 064 065 066 067 023 000 000 000 000 000 000 000 000 000 000 000 000 000 000 000 000 000 000 000 000 000 000 000 000 000 000 000 000 000 000 000 000
000 000 000 000 000 000 000 000 000 000 000 000 000 000 000 000 009 023 070 023 023 071 072 023 023 073 074 023 023 075 023 076 009 023 070 023 023 071 072 045 045 073 074 023 023 075 023 076 009 023 070 023 023 071 072 023 023 073 074 023 023 075 023 076 000 000 000 000 000 000 000 000 000 000 000 000 000 000 000 000 000 000 000 000 000 000 000 000 000 000 000 000 000 000 000 000
000 000 000 000 000 000 000 000 000 000 000 000 000 000 000 000 000 000 000 000 000 000 000 000 000 000 000 000 000 000 000 000 001 002 003 002 002 004 005 010 010 006 007 002 002 008 002 009 000 000 000 000 000 000 000 000 000 000 000 000 000 000 000 000 000 000 000 000 000 000 000 000 000 000 000 000 000 000 000 000 000 000 000 000 000 000 000 000 000 000 000 000 000 000 000 000
000 000 000 000 000 000 000 000 000 000 000 000 000 000 000 000 000 000 000 000 000 000 000 000 000 000 000 000 000 000 000 000 002 011 012 013 014 015 016 024 025 018 015 019 020 021 022 023 000 000 000 000 000 000 000 000 000 000 000 000 000 000 000 000 000 000 000 000 000 000 000 000 000 000 000 000 000 000 000 000 000 000 000 000 000 000 000 000 000 000 000 000 000 000 000 000
000 000 000 000 000 000 000 000 000 000 000 000 000 000 000 000 000 000 000 000 000 000 000 000 000 000 000 000 000 000 000 000 002 026 027 027 027 027 027 027 027 027 027 027 027 027 028 023 000 000 000 000 000 000 000 000 000 000 000 000 000 000 000 000 000 000 000 000 000 000 000 000 000 000 000 000 000 000 000 000 000 000 000 000 000 000 000 000 000 000 000 000 000 000 000 000
000 000 000 000 000 000 000 000 000 000 000 000 000 000 000 000 000 000 000 000 000 000 000 000 000 000 000 000 000 000 000 000 030 031 027 027 027 027 027 027 027 027 027 027 027 027 032 033 000 000 000 000 000 000 000 000 000 000 000 000 000 000 000 000 000 000 000 000 000 000 000 000 000 000 000 000 000 000 000 000 000 000 000 000 000 000 000 000 000 000 000 000 000 000 000 000
000 000 000 000 000 000 000 000 000 000 000 000 000 000 000 000 000 000 000 000 000 000 000 000 000 000 000 000 000 000 000 000 036 037 027 027 027 027 027 042 042 027 027 027 027 027 019 043 000 000 000 000 000 000 000 000 000 000 000 000 000 000 000 000 000 000 000 000 000 000 000 000 000 000 000 000 000 000 000 000 000 000 000 000 000 000 000 000 000 000 000 000 000 000 000 000
000 000 000 000 000 000 000 000 000 000 000 000 000 000 000 000 000 000 000 000 000 000 000 000 000 000 000 000 000 000 000 000 002 017 027 027 027 027 027 042 042 027 027 027 027 027 047 023 000 000 000 000 000 000 000 000 000 000 000 000 000 000 000 000 000 000 000 000 000 000 000 000 000 000 000 000 000 000 000 000 000 000 000 000 000 000 000 000 000 000 000 000 000 000 000 000
000 000 000 000 000 000 000 000 000 000 000 000 000 000 000 000 000 000 000 000 000 000 000 000 000 000 000 000 000 000 000 000 048 018 027 027 027 027 027 042 042 027 027 027 027 027 053 054 000 000 000 000 000 000 000 000 000 000 000 000 000 000 000 000 000 000 000 000 000 000 000 000 000 000 000 000 000 000 000 000 000 000 000 000 000 000 000 000 000 000 000 000 000 000 000 000
000 000 000 000 000 000 000 000 000 000 000 000 000 000 000 000 000 000 000 000 000 000 000 000 000 000 000 000 000 000 000 000 055 031 027 027 027 027 027 027 027 027 027 027 027 027 032 056 000 000 000 000 000 000 000 000 000 000 000 000 000 000 000 000 000 000 000 000 000 000 000 000 000 000 000 000 000 000 000 000 000 000 000 000 000 000 000 000 000 000 000 000 000 000 000 000
000 000 000 000 000 000 000 000 000 000 000 000 000 000 000 000 000 000 000 000 000 000 000 000 000 000 000 000 000 000 000 000 002 057 027 027 027 027 027 027 027 027 027 027 027 027 058 023 000 000 000 000 000 000 000 000 000 000 000 000 000 000 000 000 000 000 000 000 000 000 000 000 000 000 000 000 000 000 000 000 000 000 000 000 000 000 000 000 000 000 000 000 000 000 000 000
000 000 000 000 000 000 000 000 000 000 000 000 000 000 000 000 000 000 000 000 000 000 000 000 000 000 000 000 000 000 000 000 002 022 059 060 028 061 062 077 078 063 061 064 065 066 067 023 000 000 000 000 000 000 000 000 000 000 000 000 000 000 000 000 000 000 000 000 000 000 000 000 000 000 000 000 000 000 000 000 000 000 000 000 000 000 000 000 000 000 000 000 000 000 000 000
000 000 000 000 000 000 000 000 000 000 000 000 000 000 000 000 079 080 081 080 081 080 081 080 081 080 081 080 081 080 081 080 009 023 070 023 023 071 072 045 045 073 074 023 023 075 023 076 082 083 082 083 082 083 082 083 082 083 082 083 082 083 082 083 000 000 000 000 000 000 000 000 000 000 000 000 000 000 000 000 000 000 000 000 000 000 000 000 000 000 000 000 000 000 000 000
000 000 000 000 000 000 000 000 000 000 000 000 000 000 000 000 001 002 003 002 002 004 005 002 002 006 007 002 002 008 002 009 001 002 003 002 002 004 005 010 010 006 007 002 002 008 002 009 001 002 003 002 002 004 005 002 002 006 007 002 002 008 002 009 000 000 000 000 000 000 000 000 000 000 000 000 000 000 000 000 000 000 000 000 000 000 000 000 000 000 000 000 000 000 000 000
000 000 000 000 000 000 000 000 000 000 000 000 000 000 000 000 002 011 012 013 014 015 016 017 017 018 015 019 020 021 022 023 002 011 012 013 014 015 016 024 025 018 015 019 020 021 022 023 002 011 012 013 014 015 016 017 017 018 015 019 020 021 022 023 000 000 000 000 000 000 000 000 000 000 000 000 000 000 000 000 000 000 000 000 000 000 000 000 000 000 000 000 000 000 000 000
000 000 000 000 000 000 000 000 000 000 000 000 000 000 000 000 002 026 027 027 027 027 027 027 027 027 027 027 027 027 028 023 002 026 027 027 027 027 027 027 027 027 027 027 027 027 028 023 002 026 027 027 027 027 027 027 027 027 027 027 027 027 028 023 000 000 000 000 000 000 000 000 000 000 000 000 000 000 000 000 000 000 000 000 000 000 000 000 000 000 000 000 000 000 000 000
000 000 000 000 000 000 000 000 000 000 000 000 000 000 000 000 030 031 027 027 027 027 027 027 027 027 027 027 027 027 032 033 030 031 027 027 027 027 027 027 027 027 027 027 027 027 032 033 030 031 027 027 042 027 027 027 027 027 027 042 027 027 032 033 000 000 000 000 000 000 000 000 000 000 000 000 000 000 000 000 000 000 000 000 000 000 000 000 000 000 000 000 000 000 000 000
000 000 000 000 000 000 000 000 000 000 000 000 000 000 000 000 036 037 027 027 027 027 027 042 042 027 027 027 027 027 038 039 040 041 027 027 042 027 027 027 027 027 027 042 027 027 038 039 040 041 027 027 027 027 027 027 027 027 027 027 027 027 019 043 000 000 000 000 000 000 000 000 000 000 000 000 000 000 000 000 000 000 000 000 000 000 000 000 000 000 000 000 000 000 000 000
000 000 000 000 000 000 000 000 000 000 000 000 000 000 000 000 002 017 027 027 027 027 027 042 042 027 027 027 027 027 044 045 010 046 027 027 027 027 027 027 027 027 027 027 027 027 044 045 010 046 027 027 027 027 027 027 027 027 027 027 027 027 047 023 000 000 000 000 000 000 000 000 000 000 000 000 000 000 000 000 000 000 000 000 000 000 000 000 000 000 000 000 000 000 000 000
000 000 000 000 000 000 000 000 000 000 000 000 000 000 000 000 048 018 027 027 027 027 027 042 042 027 027 027 027 027 049 050 051 052 027 027 042 027 027 027 027 027 027 042 027 027 049 050 051 052 027 027 027 027 027 027 027 027 027 027 027 027 053 054 000 000 000 000 000 000 000 000 000 000 000 000 000 000 000 000 000 000 000 000 000 000 000 000 000 000 000 000 000 000 000 000
000 000 000 000 000 000 000 000 000 000 000 000 000 000 000 000 055 031 027 027 027 027 027 027 027 027 027 027 027 027 032 056 055 031 027 027 027 027 027 027 027 027 027 027 027 027 032 056 055 031 027 027 042 027 027 027 027 027 027 042 027 027 032 056 000 000 000 000 000 000 000 000 000 000 000 000 000 000 000 000 000 000 000 000 000 000 000 000 000 000 000 000 000 000 000 000
000 000 000 000 000 000 000 000 000 000 000 000 000 000 000 000 002 057 027 027 027 027 027 027 027 027 027 027 027 027 058 023 002 057 027 027 027 027 027 027 027 027 027 027 027 027 058 023 002 057 027 027 027 027 027 027 027 027 027 027 027 027 058 023 000 000 000 000 000 000 000 000 000 000 000 000 000 000 000 000 000 000 000 000 000 000 000 000 000 000 000 000 000 000 000 000
000 000 000 000 000 000 000 000 000 000 000 000 000 000 000 000 002 022 059 060 028 061 062 068 069 063 061 064 065 066 067 023 002 022 059 060 028 061 062 047 047 063 061 064 065 066 067 023 002 022 059 060 028 061 062 047 047 063 061 064 065 066 067 023 000 000 000 000 000 000 000 000 000 000 000 000 000 000 000 000 000 000 000 000 000 000 000 000 000 000 000 000 000 000 000 000
079 080 081 080 081 080 081 080 081 080 081 080 081 080 081 080 009 023 070 023 023 071 072 045 045 073 074 023 023 075 023 076 009 023 070 023 023 071 072 023 023 073 074 023 023 075 023 076 009 023 070 023 023 071 072 023 023 073 074 023 023 075 023 076 082 083 082 083 082 083 082 083 082 083 082 083 082 083 082 083 000 000 000 000 000 000 000 000 000 000 000 000 000 000 000 000
001 002 003 002 002 004 005 002 002 006 007 002 002 008 002 009 001 002 003 002 002 004 005 010 010 006 007 002 002 008 002 009 001 002 003 002 002 004 005 002 002 006 007 002 002 008 002 009 001 002 003 002 002 004 005 002 002 006 007 002 002 008 002 009 001 002 003 002 002 004 005 002 002 006 007 002 002 008 002 009 000 000 000 000 000 000 000 000 000 000 000 000 000 000 000 000
002 011 012 013 014 015 016 017 017 018 015 019 020 021 022 023 002 011 012 013 014 015 016 024 025 018 015 019 020 021 022 023 002 011 012 013 014 015 016 017 017 018 015 019 020 021 022 023 002 011 012 013 014 015 016 017 017 018 015 019 020 021 022 023 002 011 012 013 014 015 016 017 017 018 015 019 020 021 022 023 000 000 000 000 000 000 000 000 000 000 000 000 000 000 000 000
002 026 084 084 084 084 084 084 084 084 084 084 084 084 028 023 002 026 027 027 027 027 027 027 027 027 027 027 027 027 028 023 002 026 027 027 027 027 027 027 027 027 027 027 027 027 028 023 002 026 027 027 027 027 027 027 027 027 027 027 027 027 028 023 002 026 027 027 027 027 027 027 027 027 027 027 027 027 028 023 000 000 000 000 000 000 000 000 000 000 000 000 000 000 000 000
030 031 084 084 084 084 084 084 084 084 084 084 084 084 032 033 030 031 027 027 027 027 027 027 027 027 027 027 027 027 032 033 030 031 027 042 042 027 027 027 027 027 027 042 042 027 032 033 030 031 027 027 027 027 027 027 027 027 027 027 027 027 032 033 030 031 027 042 027 042 027 042 042 027 042 027 042 027 032 033 000 000 000 000 000 000 000 000 000 000 000 000 000 000 000 000
036 037 084 084 084 084 084 084 084 084 084 084 084 084 038 039 040 041 027 027 027 027 027 027 027 027 027 027 027 027 038 039 040 041 027 027 027 027 027 027 027 027 027 027 027 027 038 039 040 041 027 027 042 027 027 027 027 027 027 042 027 027 038 039 040 041 027 027 027 027 027 027 027 027 027 027 027 027 019 043 000 000 000 000 000 000 000 000 000 000 000 000 000 000 000 000
002 017 084 084 084 084 084 084 084 084 084 084 084 084 044 045 010 085 027 027 027 027 027 042 027 027 027 027 027 027 044 045 010 046 027 027 027 027 027 042 042 027 027 027 027 027 086 045 010 046 027 027 027 027 027 027 027 027 027 027 027 027 044 045 010 046 027 042 027 042 027 042 042 027 042 027 042 027 047 023 000 000 000 000 000 000 000 000 000 000 000 000 000 000 000 000
048 018 084 084 084 084 084 084 084 084 084 084 084 084 049 050 051 052 027 027 027 027 027 027 027 027 027 027 027 027 049 050 051 052 027 027 027 027 027 027 027 027 027 027 027 027 049 050 051 052 027 027 042 027 027 027 027 027 027 042 027 027 049 050 051 052 027 027 027 027 027 027 027 027 027 027 027 027 053 054 000 000 000 000 000 000 000 000 000 000 000 000 000 000 000 000
055 031 084 084 084 084 084 084 084 084 084 084 084 084 032 056 055 031 027 027 027 027 027 027 027 027 027 027 027 027 032 056 055 031 027 042 042 027 027 027 027 027 027 042 042 027 032 056 055 031 027 027 027 027 027 027 027 027 027 027 027 027 032 056 055 031 027 042 027 042 027 042 042 027 042 027 042 027 032 056 000 000 000 000 000 000 000 000 000 000 000 000 000 000 000 000
002 057 084 084 084 084 084 084 084 084 084 084 084 084 058 023 002 057 027 027 027 027 027 027 027 027 027 027 027 027 058 023 002 057 027 027 027 027 027 027 027 027 027 027 027 027 058 023 002 057 027 027 027 027 027 027 027 027 027 027 027 027 058 023 002 057 027 027 027 027 027 027 027 027 027 027 027 027 058 023 000 000 000 000 000 000 000 000 000 000 000 000 000 000 000 000
002 022 059 060 028 061 062 047 047 063 061 064 065 066 067 023 002 022 059 060 028 061 062 047 047 063 061 064 065 066 067 023 002 022 059 060 028 061 062 077 078 063 061 064 065 066 067 023 002 022 059 060 028 061 062 047 047 063 061 064 065 066 067 023 002 022 059 060 028 061 062 068 069 063 061 064 065 066 067 023 000 000 000 000 000 000 000 000 000 000 000 000 000 000 000 000
009 023 070 023 023 071 072 023 023 073 074 023 023 075 023 076 009 023 070 023 023 071 072 023 023 073 074 023 023 075 023 076 009 023 070 023 023 071 072 045 045 073 074 023 023 075 023 076 009 023 070 023 023 071 072 023 023 073 074 023 023 075 023 076 009 023 070 023 023 071 072 045 045 073 074 023 023 075 023 076 082 083 082 083 082 083 082 083 082 083 082 083 082 083 082 083
000 000 000 000 000 000 000 000 000 000 000 000 000 000 000 000 000 000 000 000 000 000 000 000 000 000 000 000 000 000 000 000 001 002 003 002 002 004 005 010 010 006 007 002 002 008 002 009 000 000 000 000 000 000 000 000 000 000 000 000 000 000 000 000 001 002 003 002 002 004 005 010 010 006 007 002 002 008 002 009 001 002 003 002 002 004 005 002 002 006 007 002 002 008 002 009
000 000 000 000 000 000 000 000 000 000 000 000 000 000 000 000 000 000 000 000 000 000 000 000 000 000 000 000 000 000 000 000 002 011 012 013 014 015 016 024 025 018 015 019 020 021 022 023 000 000 000 000 000 000 000 000 000 000 000 000 000 000 000 000 002 011 012 013 014 015 016 024 025 018 015 019 020 021 022 023 002 011 012 013 014 015 016 017 017 018 015 019 020 021 022 023
000 000 000 000 000 000 000 000 000 000 000 000 000 000 000 000 000 000 000 000 000 000 000 000 000 000 000 000 000 000 000 000 002 026 087 087 087 087 087 027 027 087 087 087 087 087 028 023 000 000 000 000 000 000 000 000 000 000 000 000 000 000 000 000 002 026 027 027 027 027 027 027 027 042 042 042 042 042 028 023 002 026 027 027 027 027 027 027 027 027 027 027 027 027 028 023
000 000 000 000 000 000 000 000 000 000 000 000 000 000 000 000 000 000 000 000 000 000 000 000 000 000 000 000 000 000 000 000 030 031 087 027 087 027 027 027 027 087 027 027 027 087 032 033 000 000 000 000 000 000 000 000 000 000 000 000 000 000 000 000 030 031 027 027 027 027 027 027 027 027 027 042 042 042 032 033 030 031 027 042 042 042 042 027 027 042 042 042 042 027 032 033
000 000 000 000 000 000 000 000 000 000 000 000 000 000 000 000 000 000 000 000 000 000 000 000 000 000 000 000 000 000 000 000 036 037 087 027 087 027 087 087 027 087 027 087 027 087 019 043 000 000 000 000 000 000 000 000 000 000 000 000 000 000 000 000 036 037 027 027 027 027 027 027 027 027 027 027 042 042 038 039 040 041 027 042 027 027 027 027 027 027 027 027 042 027 019 043
000 000 000 000 000 000 000 000 000 000 000 000 000 000 000 000 000 000 000 000 000 000 000 000 000 000 000 000 000 000 000 000 002 017 027 027 087 027 087 027 027 087 027 087 027 027 047 023 000 000 000 000 000 000 000 000 000 000 000 000 000 000 000 000 002 017 027 027 027 027 027 027 027 027 027 027 027 027 044 045 010 046 027 042 027 088 027 027 027 027 089 027 042 027 047 023
000 000 000 000 000 000 000 000 000 000 000 000 000 000 000 000 000 000 000 000 000 000 000 000 000 000 000 000 000 000 000 000 048 018 087 027 087 027 087 027 087 087 027 087 027 087 053 054 000 000 000 000 000 000 000 000 000 000 000 000 000 000 000 000 048 018 027 027 027 027 027 027 027 027 027 027 042 042 049 050 051 052 027 042 027 027 088 027 027 089 027 027 042 027 053 054
000 000 000 000 000 000 000 000 000 000 000 000 000 000 000 000 000 000 000 000 000 000 000 000 000 000 000 000 000 000 000 000 055 031 087 027 027 027 087 027 027 027 027 087 027 087 032 056 000 000 000 000 000 000 000 000 000 000 000 000 000 000 000 000 055 031 027 027 027 027 027 027 027 027 027 042 042 042 032 056 055 031 027 042 042 042 042 042 042 042 042 042 042 027 032 056
000 000 000 000 000 000 000 000 000 000 000 000 000 000 000 000 000 000 000 000 000 000 000 000 000 000 000 000 000 000 000 000 002 057 087 087 087 087 087 027 027 087 087 087 087 087 058 023 000 000 000 000 000 000 000 000 000 000 000 000 000 000 000 000 002 057 027 027 027 027 027 027 027 042 042 042 042 042 058 023 002 057 027 027 027 027 027 027 027 027 027 027 027 027 058 023
000 000 000 000 000 000 000 000 000 000 000 000 000 000 000 000 000 000 000 000 000 000 000 000 000 000 000 000 000 000 000 000 002 022 059 060 028 061 062 068 069 063 061 064 065 066 067 023 000 000 000 000 000 000 000 000 000 000 000 000 000 000 000 000 002 022 059 060 028 061 062 047 047 063 061 064 065 066 067 023 002 022 059 060 028 061 062 047 047 063 061 064 065 066 067 023
000 000 000 000 000 000 000 000 000 000 000 000 000 000 000 000 079 080 081 080 081 080 081 080 081 080 081 080 081 080 081 080 009 023 070 023 023 071 072 045 045 073 074 023 023 075 023 076 000 000 000 000 000 000 000 000 000 000 000 000 000 000 000 000 009 023 070 023 023 071 072 023 023 073 074 023 023 075 023 076 009 023 070 023 023 071 072 023 023 073 074 023 023 075 023 076
000 000 000 000 000 000 000 000 000 000 000 000 000 000 000 000 001 002 003 002 002 004 005 002 002 006 007 002 002 008 002 009 001 002 003 002 002 004 005 010 010 006 007 002 002 008 002 009 000 000 000 000 000 000 000 000 000 000 000 000 000 000 000 000 000 000 000 000 000 000 000 000 000 000 000 000 000 000 000 000 000 000 000 000 000 000 000 000 000 000 000 000 000 000 000 000
000 000 000 000 000 000 000 000 000 000 000 000 000 000 000 000 002 011 012 013 014 015 016 017 017 018 015 019 020 021 022 023 002 011 012 013 014 015 016 024 025 018 015 019 020 021 022 023 000 000 000 000 000 000 000 000 000 000 000 000 000 000 000 000 000 000 000 000 000 000 000 000 000 000 000 000 000 000 000 000 000 000 000 000 000 000 000 000 000 000 000 000 000 000 000 000
000 000 000 000 000 000 000 000 000 000 000 000 000 000 000 000 002 026 027 027 027 027 027 027 027 027 027 027 027 027 028 023 002 026 027 027 027 027 027 027 027 027 027 027 027 027 028 023 000 000 000 000 000 000 000 000 000 000 000 000 000 000 000 000 000 000 000 000 000 000 000 000 000 000 000 000 000 000 000 000 000 000 000 000 000 000 000 000 000 000 000 000 000 000 000 000
000 000 000 000 000 000 000 000 000 000 000 000 000 000 000 000 030 031 027 027 027 027 027 027 042 027 027 027 027 027 032 033 030 031 027 087 087 087 027 027 027 027 087 087 087 027 032 033 000 000 000 000 000 000 000 000 000 000 000 000 000 000 000 000 000 000 000 000 000 000 000 000 000 000 000 000 000 000 000 000 000 000 000 000 000 000 000 000 000 000 000 000 000 000 000 000
000 000 000 000 000 000 000 000 000 000 000 000 000 000 000 000 036 037 027 027 027 027 027 042 027 042 027 027 027 027 038 039 040 041 027 087 027 027 027 027 027 027 027 027 087 027 019 043 000 000 000 000 000 000 000 000 000 000 000 000 000 000 000 000 000 000 000 000 000 000 000 000 000 000 000 000 000 000 000 000 000 000 000 000 000 000 000 000 000 000 000 000 000 000 000 000
000 000 000 000 000 000 000 000 000 000 000 000 000 000 000 000 002 017 027 027 027 027 042 027 090 027 042 027 027 027 044 045 010 086 027 087 027 087 087 087 087 087 087 027 087 027 047 023 000 000 000 000 000 000 000 000 000 000 000 000 000 000 000 000 000 000 000 000 000 000 000 000 000 000 000 000 000 000 000 000 000 000 000 000 000 000 000 000 000 000 000 000 000 000 000 000
000 000 000 000 000 000 000 000 000 000 000 000 000 000 000 000 048 018 027 027 027 027 027 042 027 042 027 027 027 027 049 050 051 052 027 087 027 027 027 027 027 027 027 027 087 027 053 054 000 000 000 000 000 000 000 000 000 000 000 000 000 000 000 000 000 000 000 000 000 000 000 000 000 000 000 000 000 000 000 000 000 000 000 000 000 000 000 000 000 000 000 000 000 000 000 000
000 000 000 000 000 000 000 000 000 000 000 000 000 000 000 000 055 031 027 027 027 027 027 027 042 027 027 027 027 027 032 056 055 031 027 087 087 087 027 027 027 027 087 087 087 027 032 056 000 000 000 000 000 000 000 000 000 000 000 000 000 000 000 000 000 000 000 000 000 000 000 000 000 000 000 000 000 000 000 000 000 000 000 000 000 000 000 000 000 000 000 000 000 000 000 000
000 000 000 000 000 000 000 000 000 000 000 000 000 000 000 000 002 057 027 027 027 027 027 027 027 027 027 027 027 027 058 023 002 057 027 027 027 027 027 027 027 027 027 027 027 027 058 023 000 000 000 000 000 000 000 000 000 000 000 000 000 000 000 000 000 000 000 000 000 000 000 000 000 000 000 000 000 000 000 000 000 000 000 000 000 000 000 000 000 000 000 000 000 000 000 000
000 000 000 000 000 000 000 000 000 000 000 000 000 000 000 000 002 022 059 060 028 061 062 047 047 063 061 064 065 066 067 023 002 022 059 060 028 061 062 047 047 063 061 064 065 066 067 023 000 000 000 000 000 000 000 000 000 000 000 000 000 000 000 000 000 000 000 000 000 000 000 000 000 000 000 000 000 000 000 000 000 000 000 000 000 000 000 000 000 000 000 000 000 000 000 000
000 000 000 000 000 000 000 000 000 000 000 000 000 000 000 000 009 023 070 023 023 071 072 023 023 073 074 023 023 075 023 076 009 023 070 023 023 071 072 023 023 073 074 023 023 075 023 076 000 000 000 000 000 000 000 000 000 000 000 000 000 000 000 000 000 000 000 000 000 000 000 000 000 000 000 000 000 000 000 000 000 000 000 000 000 000 000 000 000 000 000 000 000 000 000 000